MEMORY
  total            14.6 MB
  struct          159.2 KB
  buffer          422.4 KB
  arena            14.0 MB, used 0.2%

SIZES
  narena                14680064
  nbuffer               432544
  nplugin               0
  maxuse_stack          9144
  maxuse_arena          32112
  maxuse_con            4
  maxuse_efc            36
  ncon                  4
  ne                    0
  nf                    12
  nl                    0
  nefc                  36
  nJ                    648
  nA                    0
  nisland               0
  nidof                 0
  threadpool            0

SOLVER STAT
  solver_fwdinv =   0         0       
  ISLAND 0
    solver_niter = 6
    solver_nnz = 324
      0:  improvement =  8.3e+02     gradient =  0.44        lineslope =  1.5e-16 
          nactive = 36   nchange = 0   neval = 4   nupdate = 24
      1:  improvement =  4.9         gradient =  0.46        lineslope =  1.8e-17 
          nactive = 36   nchange = 4   neval = 14   nupdate = 26
      2:  improvement =  0.31        gradient =  0.056       lineslope =  2.2e-17 
          nactive = 36   nchange = 2   neval = 5   nupdate = 26
      3:  improvement =  0.014       gradient =  0.0039      lineslope =  6e-17   
          nactive = 36   nchange = 0   neval = 4   nupdate = 24
      4:  improvement =  2.3e-05     gradient =  6.8e-06     lineslope =  3e-12   
          nactive = 36   nchange = 0   neval = 3   nupdate = 24
      5:  improvement =  4e-11       gradient =  4.8e-12     lineslope =  1.6e-13 
          nactive = 36   nchange = 0   neval = 2   nupdate = 24

ENERGY =   0         0       

TIME =  0       

QPOS
   0       
   0       
   0.27    
   1       
   0       
   0       
   0       
   0       
   0.9     
  -1.8     
   0       
   0.9     
  -1.8     
   0       
   0.9     
  -1.8     
   0       
   0.9     
  -1.8     

QVEL
   0       
   0       
   0       
   0       
   0       
   0       
   0       
   0       
   0       
   0       
   0       
   0       
   0       
   0       
   0       
   0       
   0       
   0       

QACC_WARMSTART
  -1.2     
   7.9e-05 
  -6.4     
  -0.013   
   8.6     
   0.00052 
   5.6     
   1.5e+02 
  -3.5e+02 
  -5.6     
   1.5e+02 
  -3.5e+02 
   3.1     
   1.4e+02 
  -3.3e+02 
  -3.1     
   1.4e+02 
  -3.3e+02 

CTRL
   2.4     
   16      
  -32      
  -2.4     
   16      
  -32      
   2.4     
   16      
  -32      
  -2.4     
   16      
  -32      

QFRC_APPLIED
   0       
   0       
   0       
   0       
   0       
   0       
   0       
   0       
   0       
   0       
   0       
   0       
   0       
   0       
   0       
   0       
   0       
   0       

XFRC_APPLIED
   0         0         0         0         0         0       
   0         0         0         0         0         0       
   0         0         0         0         0         0       
   0         0         0         0         0         0       
   0         0         0         0         0         0       
   0         0         0         0         0         0       
   0         0         0         0         0         0       
   0         0         0         0         0         0       
   0         0         0         0         0         0       
   0         0         0         0         0         0       
   0         0         0         0         0         0       
   0         0         0         0         0         0       
   0         0         0         0         0         0       
   0         0         0         0         0         0       
   0         0         0         0         0         0       
   0         0         0         0         0         0       
   0         0         0         0         0         0       
   0         0         0         0         0         0       

QACC
  -1.2     
   7.9e-05 
  -6.4     
  -0.013   
   8.6     
   0.00052 
   5.6     
   1.5e+02 
  -3.5e+02 
  -5.6     
   1.5e+02 
  -3.5e+02 
   3.1     
   1.4e+02 
  -3.3e+02 
  -3.1     
   1.4e+02 
  -3.3e+02 

SENSOR
   0       
   0.9     
  -1.8     
   0       
   0.9     
  -1.8     
   0       
   0.9     
  -1.8     
   0       
   0.9     
  -1.8     
   0       
   0       
   0       
   0       
   0       
   0       
   0       
   0       
   0       
   0       
   0       
   0       
   0       
   0.9     
  -1.8     
   0       
   0.9     
  -1.8     
   0       
   0.9     
  -1.8     
   0       
   0.9     
  -1.8     
   1       
   0       
   0       
   0       
   0       
   0       
   0       
  -0.82    
   0.00061 
   3.6     
  -0.026   
   0       
   0.31    
   0       
   0       
   0       

XPOS
   0         0         0       
   0         0         0.27    
   0.19      0.046     0.27    
   0.19      0.14      0.27    
   0.027     0.14      0.14    
   0.19      0.14      0.0052  
   0.19     -0.046     0.27    
   0.19     -0.14      0.27    
   0.027    -0.14      0.14    
   0.19     -0.14      0.0052  
  -0.19      0.046     0.27    
  -0.19      0.14      0.27    
  -0.36      0.14      0.14    
  -0.19      0.14      0.0052  
  -0.19     -0.046     0.27    
  -0.19     -0.14      0.27    
  -0.36     -0.14      0.14    
  -0.19     -0.14      0.0052  

XQUAT
   1         0         0         0       
   1         0         0         0       
   1         0         0         0       
   0.9       0         0.43      0       
   0.9       0        -0.43      0       
   0.9       0        -0.43      0       
   1         0         0         0       
   0.9       0         0.43      0       
   0.9       0        -0.43      0       
   0.9       0        -0.43      0       
   1         0         0         0       
   0.9       0         0.43      0       
   0.9       0        -0.43      0       
   0.9       0        -0.43      0       
   1         0         0         0       
   0.9       0         0.43      0       
   0.9       0        -0.43      0       
   0.9       0        -0.43      0       

XMAT
   1         0         0         0         1         0         0         0         1       
   1         0         0         0         1         0         0         0         1       
   1         0         0         0         1         0         0         0         1       
   0.62      0         0.78      0         1         0        -0.78      0         0.62    
   0.62     -0        -0.78      0         1        -0         0.78      0         0.62    
   0.62     -0        -0.78      0         1        -0         0.78      0         0.62    
   1         0         0         0         1         0         0         0         1       
   0.62      0         0.78      0         1         0        -0.78      0         0.62    
   0.62     -0        -0.78      0         1        -0         0.78      0         0.62    
   0.62     -0        -0.78      0         1        -0         0.78      0         0.62    
   1         0         0         0         1         0         0         0         1       
   0.62      0         0.78      0         1         0        -0.78      0         0.62    
   0.62     -0        -0.78      0         1        -0         0.78      0         0.62    
   0.62     -0        -0.78      0         1        -0         0.78      0         0.62    
   1         0         0         0         1         0         0         0         1       
   0.62      0         0.78      0         1         0        -0.78      0         0.62    
   0.62     -0        -0.78      0         1        -0         0.78      0         0.62    
   0.62     -0        -0.78      0         1        -0         0.78      0         0.62    

XIPOS
   0         0         0       
   0.021     0         0.26    
   0.19      0.048     0.27    
   0.17      0.12      0.25    
   0.14      0.14      0.055   
   0.36      0.14     -0.13    
   0.19     -0.048     0.27    
   0.17     -0.12      0.25    
   0.14     -0.14      0.055   
   0.36     -0.14     -0.13    
  -0.19      0.048     0.27    
  -0.22      0.12      0.25    
  -0.25      0.14      0.055   
  -0.027     0.14     -0.13    
  -0.19     -0.048     0.27    
  -0.22     -0.12      0.25    
  -0.25     -0.14      0.055   
  -0.027    -0.14     -0.13    

XIMAT
   1         0         0         0         1         0         0         0         1       
   0.018    -0.0017    1        -0.0032   -1        -0.0017    1        -0.0032   -0.018   
  -0.0075    0.0094    1         1         0.005     0.0074   -0.005     1        -0.0095  
   0.34     -0.48      0.81      0.91      0.38     -0.16     -0.23      0.79      0.56    
  -0.00042  -0.62     -0.79      1         0.01     -0.0085    0.013    -0.79      0.62    
   0.62     -0        -0.78      0         1        -0         0.78      0         0.62    
   0.0075    0.0094    1         1        -0.005    -0.0074    0.005     1        -0.0095  
  -0.34     -0.48      0.81      0.91     -0.38      0.16      0.23      0.79      0.56    
   0.00042  -0.62     -0.79      1        -0.01      0.0085   -0.013    -0.79      0.62    
   0.62     -0        -0.78      0         1        -0         0.78      0         0.62    
   0.0075   -0.0094    1         1         0.005    -0.0074   -0.005     1         0.0095  
   0.34     -0.48      0.81      0.91      0.38     -0.16     -0.23      0.79      0.56    
  -0.00042  -0.62     -0.79      1         0.01     -0.0085    0.013    -0.79      0.62    
   0.62     -0        -0.78      0         1        -0         0.78      0         0.62    
  -0.0075   -0.0094    1         1        -0.005     0.0074    0.005     1         0.0095  
  -0.34     -0.48      0.81      0.91     -0.38      0.16      0.23      0.79      0.56    
   0.00042  -0.62     -0.79      1        -0.01      0.0085   -0.013    -0.79      0.62    
   0.62     -0        -0.78      0         1        -0         0.78      0         0.62    

XANCHOR
   0         0         0.27    
   0.19      0.046     0.27    
   0.19      0.14      0.27    
   0.027     0.14      0.14    
   0.19     -0.046     0.27    
   0.19     -0.14      0.27    
   0.027    -0.14      0.14    
  -0.19      0.046     0.27    
  -0.19      0.14      0.27    
  -0.36      0.14      0.14    
  -0.19     -0.046     0.27    
  -0.19     -0.14      0.27    
  -0.36     -0.14      0.14    

XAXIS
   0         0         1       
   1         0         0       
   0         1         0       
   0         1         0       
   1         0         0       
   0         1         0       
   0         1         0       
   1         0         0       
   0         1         0       
   0         1         0       
   1         0         0       
   0         1         0       
   0         1         0       

GEOM_XPOS
   0         0         0       
   1.2       0         0.04    
   1.6       0         0.04    
   2.3       0         0.02    
   2.6       0         0.02    
   2.8       0         0.02    
   3         0         0.02    
   3.2       0         0.02    
   3.4       0         0.02    
   0.29     -0.00026   0.21    
   0.29     -0.00021   0.21    
   0.33     -0.00023   0.3     
   0.058     0.0079    0.3     
   0.077    -0.0006    0.27    
   0         0         0.27    
   0.28      0         0.28    
   0.29      0         0.21    
   0.17      0.042     0.27    
   0.18      0.056     0.27    
   0.19      0.13      0.27    
   0.16      0.13      0.25    
   0.2       0.12      0.28    
   0.11      0.14      0.2     
   0.13      0.14      0.065   
   0.19      0.14     -0.0025  
   0.079     0.14      0.11    
   0.15      0.14      0.061   
   0.19      0.14     -0.0026  
   0.19      0.14      0.0036  
   0.17     -0.042     0.27    
   0.18     -0.056     0.27    
   0.19     -0.13      0.27    
   0.16     -0.13      0.25    
   0.2      -0.12      0.28    
   0.11     -0.14      0.2     
   0.13     -0.14      0.065   
   0.19     -0.14     -0.0025  
   0.08     -0.14      0.11    
   0.15     -0.14      0.061   
   0.19     -0.14     -0.0026  
   0.19     -0.14      0.0036  
  -0.17      0.042     0.27    
  -0.18      0.056     0.27    
  -0.19      0.13      0.27    
  -0.23      0.13      0.25    
  -0.19      0.12      0.28    
  -0.28      0.14      0.2     
  -0.26      0.14      0.065   
  -0.19      0.14     -0.0025  
  -0.31      0.14      0.11    
  -0.23      0.14      0.061   
  -0.19      0.14     -0.0026  
  -0.19      0.14      0.0036  
  -0.17     -0.042     0.27    
  -0.18     -0.056     0.27    
  -0.19     -0.13      0.27    
  -0.23     -0.13      0.25    
  -0.19     -0.12      0.28    
  -0.28     -0.14      0.2     
  -0.26     -0.14      0.065   
  -0.19     -0.14     -0.0025  
  -0.31     -0.14      0.11    
  -0.23     -0.14      0.061   
  -0.19     -0.14     -0.0026  
  -0.19     -0.14      0.0036  

GEOM_XMAT
   1         0         0         0         1         0         0         0         1       
   1         0         0         0         1         0         0         0         1       
   1         0         0         0         1         0         0         0         1       
   1         0         0         0         1         0         0         0         1       
   1         0         0         0         1         0         0         0         1       
   1         0         0         0         1         0         0         0         1       
   1         0         0         0         1         0         0         0         1       
   1         0         0         0         1         0         0         0         1       
   1         0         0         0         1         0         0         0         1       
  -0.26     -0.97      0.00049  -0.0019    5.6e-17  -1         0.97     -0.26     -0.0018  
  -0.26     -0.97      0.00016  -0.00062   1.7e-16  -1         0.97     -0.26     -0.0006  
   1        -0        -0.047     0         1        -0         0.047     0         1       
  -0.014     0.014     1         0.0079   -1         0.014     1         0.0081    0.014   
  -0.048    -0.0029    1        -0.013    -1        -0.0036    1        -0.013     0.048   
   1         0         0         0         1         0         0         0         1       
   1         0         0         0         1         0         0         0         1       
   1         0         0         0         1         0         0         0         1       
   0.052     0.0032    1         1         0.00032  -0.052    -0.00049   1        -0.0032  
  -0.36      0.0013    0.93      0.93      0.00044   0.36      7.1e-05   1        -0.0014  
   1         0         0         0         0        -1         0         1         0       
   0.17     -0.56      0.81      0.99      0.11     -0.14     -0.011     0.82      0.57    
   0.31     -0.95      0.052    -0.62     -0.24     -0.74      0.72      0.2      -0.67    
  -0.78      0         0.62      0         1         0        -0.62      0        -0.78    
  -0.012    -0.59     -0.81      1        -0.017    -0.0027   -0.012    -0.81      0.59    
  -0.33      0         0.94      0        -1         0         0.94      0         0.33    
   0.44     -0        -0.9       0         1        -0         0.9       0         0.44    
   0.66     -0        -0.75      0         1        -0         0.75      0         0.66    
  -0.33      0         0.94      0        -1         0         0.94      0         0.33    
   0.62     -0        -0.78      0         1        -0         0.78      0         0.62    
   0.052     0.0032    1        -1        -0.00041   0.052     0.00058  -1         0.0032  
  -0.36      0.0013    0.93     -0.93     -0.00054  -0.36      1.5e-05  -1         0.0014  
   1         0         0         0         0        -1         0         1         0       
  -0.17     -0.56      0.81      0.99     -0.11      0.14      0.011     0.82      0.57    
   0.31     -0.95     -0.052     0.62      0.24     -0.74      0.72      0.2       0.67    
  -0.78      0         0.62      0         1         0        -0.62      0        -0.78    
   0.012    -0.59     -0.81      1         0.017     0.0027    0.012    -0.81      0.59    
  -0.33      0         0.94      0        -1         0         0.94      0         0.33    
   0.45     -0        -0.89      0         1        -0         0.89      0         0.45    
   0.66     -0        -0.75      0         1        -0         0.75      0         0.66    
  -0.33      0         0.94      0        -1         0         0.94      0         0.33    
   0.62     -0        -0.78      0         1        -0         0.78      0         0.62    
  -0.052    -0.0031   -1         1         0.00032  -0.052     0.00048  -1         0.0031  
   0.36     -0.0013   -0.93      0.93      0.00044   0.36     -3.8e-05  -1         0.0013  
   1         0         0         0         0        -1         0         1         0       
   0.17     -0.56      0.81      0.99      0.11     -0.14     -0.011     0.82      0.57    
   0.31     -0.95      0.052    -0.62     -0.24     -0.74      0.72      0.2      -0.67    
  -0.78      0         0.62      0         1         0        -0.62      0        -0.78    
  -0.012    -0.59     -0.81      1        -0.017    -0.0027   -0.012    -0.81      0.59    
  -0.33      0         0.94      0        -1         0         0.94      0         0.33    
   0.45     -0        -0.89      0         1        -0         0.89      0         0.45    
   0.66     -0        -0.75      0         1        -0         0.75      0         0.66    
  -0.33      0         0.94      0        -1         0         0.94      0         0.33    
   0.62     -0        -0.78      0         1        -0         0.78      0         0.62    
  -0.052    -0.0033   -1        -1        -0.00041   0.052    -0.00058   1        -0.0033  
   0.36     -0.0014   -0.93     -0.93     -0.00054  -0.36      1.9e-05   1        -0.0015  
   1         0         0         0         0        -1         0         1         0       
  -0.17     -0.56      0.81      0.99     -0.11      0.14      0.011     0.82      0.57    
   0.31     -0.95     -0.052     0.62      0.24     -0.74      0.72      0.2       0.67    
  -0.78      0         0.62      0         1         0        -0.62      0        -0.78    
   0.012    -0.59     -0.81      1         0.017     0.0027    0.012    -0.81      0.59    
  -0.33      0         0.94      0        -1         0         0.94      0         0.33    
   0.45     -0        -0.89      0         1        -0         0.89      0         0.45    
   0.66     -0        -0.75      0         1        -0         0.75      0         0.66    
  -0.33      0         0.94      0        -1         0         0.94      0         0.33    
   0.62     -0        -0.78      0         1        -0         0.78      0         0.62    

SITE_XPOS
  -0.026     0         0.31    

SITE_XMAT
   1         0         0         0         1         0         0         0         1       

LIGHT_XPOS
   0         0         1.5     

LIGHT_XDIR
   0         0        -1       

SUBTREE_COM
  -0.0022    0         0.25    
  -0.0022    0         0.25    
   0.17      0.099     0.24    
   0.16      0.12      0.22    
   0.14      0.14      0.055   
   0.36      0.14     -0.13    
   0.17     -0.099     0.24    
   0.16     -0.12      0.22    
   0.14     -0.14      0.055   
   0.36     -0.14     -0.13    
  -0.21      0.099     0.24    
  -0.23      0.12      0.22    
  -0.25      0.14      0.055   
  -0.027     0.14     -0.13    
  -0.21     -0.099     0.24    
  -0.23     -0.12      0.22    
  -0.25     -0.14      0.055   
  -0.027    -0.14     -0.13    

CDOF
   0         0         0         1         0         0       
   0         0         0         0         1         0       
   0         0         0         0         0         1       
   1         0         0        -0         0.021     0       
   0         1         0        -0.021     0         0.0022  
   0         0         1        -0        -0.0022    0       
   1         0         0         0         0.021    -0.046   
   0         1         0        -0.021     0         0.2     
   0         1         0         0.11     -0         0.029   
   1         0         0        -0         0.021     0.046   
   0         1         0        -0.021     0         0.2     
   0         1         0         0.11     -0         0.029   
   1         0         0         0         0.021    -0.046   
   0         1         0        -0.021     0        -0.19    
   0         1         0         0.11      0        -0.36    
   1         0         0        -0         0.021     0.046   
   0         1         0        -0.021     0        -0.19    
   0         1         0         0.11      0        -0.36    

CINERT
   0         0         0         0         0         0         0         0         0         0       
   0.026     0.1       0.11      0.00012  -0.0011   -3.1e-05   0.16      0         0.11      6.9     
   0.0024    0.026     0.027    -0.0062   -0.0027   -0.0007    0.13      0.033     0.014     0.68    
   0.019     0.038     0.053    -0.022    -0.0031   -0.00012   0.19      0.14      0.0046    1.2     
   0.014     0.016     0.011    -0.0049    0.0074    0.0066    0.035     0.034    -0.047     0.24    
   0         0         0         0         0         0         0         0        -0         0       
   0.0024    0.026     0.027     0.0062   -0.0027    0.0007    0.13     -0.033     0.014     0.68    
   0.019     0.038     0.053     0.022    -0.0031    0.00012   0.19     -0.14      0.0046    1.2     
   0.014     0.016     0.011     0.0049    0.0074   -0.0066    0.035    -0.034    -0.047     0.24    
   0         0         0         0         0         0         0        -0        -0         0       
   0.0024    0.025     0.026     0.0061    0.0027   -0.0007   -0.13      0.033     0.014     0.68    
   0.019     0.061     0.076     0.031    -0.0013   -0.00012  -0.25      0.14      0.0046    1.2     
   0.014     0.025     0.02      0.0083   -0.011     0.0066   -0.059     0.034    -0.047     0.24    
   0         0         0         0         0         0        -0         0        -0         0       
   0.0024    0.025     0.026    -0.0061    0.0027    0.0007   -0.13     -0.033     0.014     0.68    
   0.019     0.061     0.076    -0.031    -0.0013    0.00012  -0.25     -0.14      0.0046    1.2     
   0.014     0.025     0.02     -0.0083   -0.011    -0.0066   -0.059    -0.034    -0.047     0.24    
   0         0         0         0         0         0        -0        -0        -0         0       

ACTUATOR_LENGTH
   0       
   0.9     
  -1.8     
   0       
   0.9     
  -1.8     
   0       
   0.9     
  -1.8     
   0       
   0.9     
  -1.8     

actuator_moment
--------------------
          x         |
           x        |
            x       |
       x            |
        x           |
         x          |
                x   |
                 x  |
                  x |
             x      |
              x     |
               x    |
--------------------

ACTUATOR_MOMENT
     9:  1       
    10:  1       
    11:  1       
     6:  1       
     7:  1       
     8:  1       
    15:  1       
    16:  1       
    17:  1       
    12:  1       
    13:  1       
    14:  1       

CRB
   0         0         0         0         0         0         0         0         0         0       
   0.17      0.48      0.54      0.00012  -0.016    -3.1e-05   0         0        -3.3e-16   15      
   0.036     0.079     0.091    -0.034     0.0016    0.0058    0.36      0.2      -0.028     2.1     
   0.034     0.054     0.064    -0.027     0.0043    0.0065    0.23      0.17     -0.042     1.4     
   0.014     0.016     0.011    -0.0049    0.0074    0.0066    0.035     0.034    -0.047     0.24    
   0         0         0         0         0         0         0         0        -0         0       
   0.036     0.079     0.091     0.034     0.0016   -0.0058    0.36     -0.2      -0.028     2.1     
   0.034     0.054     0.064     0.027     0.0043   -0.0065    0.23     -0.17     -0.042     1.4     
   0.014     0.016     0.011     0.0049    0.0074   -0.0066    0.035    -0.034    -0.047     0.24    
   0         0         0         0         0         0         0        -0        -0         0       
   0.036     0.11      0.12      0.045    -0.0093    0.0058   -0.44      0.2      -0.028     2.1     
   0.034     0.086     0.096     0.039    -0.012     0.0065   -0.31      0.17     -0.042     1.4     
   0.014     0.025     0.02      0.0083   -0.011     0.0066   -0.059     0.034    -0.047     0.24    
   0         0         0         0         0         0        -0         0        -0         0       
   0.036     0.11      0.12     -0.045    -0.0093   -0.0058   -0.44     -0.2      -0.028     2.1     
   0.034     0.086     0.096    -0.039    -0.012    -0.0065   -0.31     -0.17     -0.042     1.4     
   0.014     0.025     0.02     -0.0083   -0.011    -0.0066   -0.059    -0.034    -0.047     0.24    
   0         0         0         0         0         0        -0        -0        -0         0       

QM
   15      
   0         15      
   0         0         15      
   0         0.33      0         0.18    
  -0.33      0         0.033     0.00012   0.49    
   0        -0.033     0        -0.017    -3.1e-05   0.54    
   0         0.072     0.11      0.029    -0.017     0.0091    0.034   
  -0.072     0         0.045     0.0063    0.012     0.01      0.0042    0.03    
  -0.02      0        -0.028    -0.0039    0.0097    0.0028   -0.0026    0.0044    0.016   
   0         0.072    -0.11      0.029     0.017     0.0091                                  0.034   
  -0.072     0         0.045    -0.0063    0.012    -0.01                                   -0.0042    0.03    
  -0.02      0        -0.028     0.0039    0.0097   -0.0028                                  0.0026    0.0044    0.016   
   0         0.072     0.11      0.029     0.025    -0.019                                                                 0.034   
  -0.072     0         0.045     0.0063    0.029     0.01                                                                  0.0042    0.03    
  -0.02      0        -0.028    -0.0039   -0.00099   0.0028                                                               -0.0026    0.0044    0.016   
   0         0.072    -0.11      0.029    -0.025    -0.019                                                                                               0.034   
  -0.072     0         0.045    -0.0063    0.029    -0.01                                                                                               -0.0042    0.03    
  -0.02      0        -0.028     0.0039   -0.00099  -0.0028                                                                                              0.0026    0.0044    0.016   

M
     0:  15      
     0:  0          1:  15      
     0:  0          1:  0          2:  15      
     0:  0          1:  0.33       2:  0          3:  0.18    
     0: -0.33       1:  0          2:  0.033      3:  0.00012    4:  0.49    
     0:  0          1: -0.033      2:  0          3: -0.017      4: -3.1e-05    5:  0.54    
     0:  0          1:  0.072      2:  0.11       3:  0.029      4: -0.017      5:  0.0091     6:  0.034   
     0: -0.072      1:  0          2:  0.045      3:  0.0063     4:  0.012      5:  0.01       6:  0.0042     7:  0.03    
     0: -0.02       1:  0          2: -0.028      3: -0.0039     4:  0.0097     5:  0.0028     6: -0.0026     7:  0.0044     8:  0.016   
     0:  0          1:  0.072      2: -0.11       3:  0.029      4:  0.017      5:  0.0091     9:  0.034   
     0: -0.072      1:  0          2:  0.045      3: -0.0063     4:  0.012      5: -0.01       9: -0.0042    10:  0.03    
     0: -0.02       1:  0          2: -0.028      3:  0.0039     4:  0.0097     5: -0.0028     9:  0.0026    10:  0.0044    11:  0.016   
     0:  0          1:  0.072      2:  0.11       3:  0.029      4:  0.025      5: -0.019     12:  0.034   
     0: -0.072      1:  0          2:  0.045      3:  0.0063     4:  0.029      5:  0.01      12:  0.0042    13:  0.03    
     0: -0.02       1:  0          2: -0.028      3: -0.0039     4: -0.00099    5:  0.0028    12: -0.0026    13:  0.0044    14:  0.016   
     0:  0          1:  0.072      2: -0.11       3:  0.029      4: -0.025      5: -0.019     15:  0.034   
     0: -0.072      1:  0          2:  0.045      3: -0.0063     4:  0.029      5: -0.01      15: -0.0042    16:  0.03    
     0: -0.02       1:  0          2: -0.028      3:  0.0039     4: -0.00099    5: -0.0028    15:  0.0026    16:  0.0044    17:  0.016   

QLD
     0:  14      
     0: -3.2e-06    1:  14      
     0:  0.016      1: -2.5e-06    2:  13      
     0:  0.00055    1:  1.1        2:  0.0004     3:  0.078   
     0: -0.35       1:  3.5e-06    2: -0.25       3:  0.00033    4:  0.37    
     0:  1.8e-18    1:  0.042      2: -2.1e-17    3: -0.0083     4: -6.3e-05    5:  0.49    
     0:  0.25       1:  2.2        2:  2.9        3:  0.83       4: -0.52       5:  0.25       6:  0.032   
     0: -2.3        1:  0          2:  1.8        3:  0.25       4:  0.31       5:  0.32       6:  0.17       7:  0.029   
     0: -1.2        1:  0          2: -1.7        3: -0.24       4:  0.59       5:  0.17       6: -0.16       7:  0.27       8:  0.016   
     0: -0.25       1:  2.2        2: -2.9        3:  0.83       4:  0.52       5:  0.25       9:  0.032   
     0: -2.3        1:  0          2:  1.8        3: -0.25       4:  0.31       5: -0.32       9: -0.17      10:  0.029   
     0: -1.2        1:  0          2: -1.7        3:  0.24       4:  0.59       5: -0.17       9:  0.16      10:  0.27      11:  0.016   
     0:  0.25       1:  2.2        2:  2.9        3:  0.83       4:  0.62       5: -0.62      12:  0.032   
     0: -2.3        1:  0          2:  1.8        3:  0.25       4:  1          5:  0.32      12:  0.17      13:  0.029   
     0: -1.2        1:  0          2: -1.7        3: -0.24       4: -0.061      5:  0.17      12: -0.16      13:  0.27      14:  0.016   
     0: -0.25       1:  2.2        2: -2.9        3:  0.83       4: -0.62       5: -0.62      15:  0.032   
     0: -2.3        1:  0          2:  1.8        3: -0.25       4:  1          5: -0.32      15: -0.17      16:  0.029   
     0: -1.2        1:  0          2: -1.7        3:  0.24       4: -0.061      5: -0.17      15:  0.16      16:  0.27      17:  0.016   

QLDIAGINV
   0.069   
   0.069   
   0.074   
   13      
   2.7     
   2       
   31      
   34      
   61      
   31      
   34      
   61      
   31      
   34      
   61      
   31      
   34      
   61      

B: body-dof matrix
--------------------
 xxxxxxxxxxxxxxxxxx |
 xxxxxxxxxxxxxxxxxx |
 xxxxxxxxx          |
 xxxxxxxxx          |
 xxxxxxxxx          |
 xxxxxxxxx          |
 xxxxxx   xxx       |
 xxxxxx   xxx       |
 xxxxxx   xxx       |
 xxxxxx   xxx       |
 xxxxxx      xxx    |
 xxxxxx      xxx    |
 xxxxxx      xxx    |
 xxxxxx      xxx    |
 xxxxxx         xxx |
 xxxxxx         xxx |
 xxxxxx         xxx |
 xxxxxx         xxx |
--------------------

B_rownnz              18 18 9 9 9 9 9 9 9 9 9 9 9 9 9 9 9 9

B_rowadr              0 18 36 45 54 63 72 81 90 99 108 117 126 135 144 153 162 171

B_colind              0 1 2 3 4 5 6 7 8 9 10 11 12 13 14 15 16 17 0 1 2 3 4 5 6 7 8 9 10 11 12 13 14 15 16 17 0 1 2 3 4 5 6 7 8 0 1 2 3 4 5 6 7 8 0 1 2 3 4 5 6 7 8 0 1 2 3 4 5 6 7 8 0 1 2 3 4 5 9 10 11 0 1 2 3 4 5 9 10 11 0 1 2 3 4 5 9 10 11 0 1 2 3 4 5 9 10 11 0 1 2 3 4 5 12 13 14 0 1 2 3 4 5 12 13 14 0 1 2 3 4 5 12 13 14 0 1 2 3 4 5 12 13 14 0 1 2 3 4 5 15 16 17 0 1 2 3 4 5 15 16 17 0 1 2 3 4 5 15 16 17 0 1 2 3 4 5 15 16 17

M: reduced inertia matrix
--------------------
 x                  |
 xx                 |
 xxx                |
 xxxx               |
 xxxxx              |
 xxxxxx             |
 xxxxxxx            |
 xxxxxxxx           |
 xxxxxxxxx          |
 xxxxxx   x         |
 xxxxxx   xx        |
 xxxxxx   xxx       |
 xxxxxx      x      |
 xxxxxx      xx     |
 xxxxxx      xxx    |
 xxxxxx         x   |
 xxxxxx         xx  |
 xxxxxx         xxx |
--------------------

M_rownnz              1 2 3 4 5 6 7 8 9 7 8 9 7 8 9 7 8 9

M_rowadr              0 1 3 6 10 15 21 28 36 45 52 60 69 76 84 93 100 108

M_colind              0 0 1 0 1 2 0 1 2 3 0 1 2 3 4 0 1 2 3 4 5 0 1 2 3 4 5 6 0 1 2 3 4 5 6 7 0 1 2 3 4 5 6 7 8 0 1 2 3 4 5 9 0 1 2 3 4 5 9 10 0 1 2 3 4 5 9 10 11 0 1 2 3 4 5 12 0 1 2 3 4 5 12 13 0 1 2 3 4 5 12 13 14 0 1 2 3 4 5 15 0 1 2 3 4 5 15 16 0 1 2 3 4 5 15 16 17

mapM2M                0 2 1 5 4 3 9 8 7 6 14 13 12 11 10 20 19 18 17 16 15 27 26 25 24 23 22 21 35 34 33 32 31 30 29 28 44 43 42 41 40 39 38 37 36 51 50 49 48 47 46 45 59 58 57 56 55 54 53 52 68 67 66 65 64 63 62 61 60 75 74 73 72 71 70 69 83 82 81 80 79 78 77 76 92 91 90 89 88 87 86 85 84 99 98 97 96 95 94 93 107 106 105 104 103 102 101 100 116 115 114 113 112 111 110 109 108

D: dof-dof matrix
--------------------
 Dxxxxxxxxxxxxxxxxx |
 xDxxxxxxxxxxxxxxxx |
 xxDxxxxxxxxxxxxxxx |
 xxxDxxxxxxxxxxxxxx |
 xxxxDxxxxxxxxxxxxx |
 xxxxxDxxxxxxxxxxxx |
 xxxxxxDxx          |
 xxxxxxxDx          |
 xxxxxxxxD          |
 xxxxxx   Dxx       |
 xxxxxx   xDx       |
 xxxxxx   xxD       |
 xxxxxx      Dxx    |
 xxxxxx      xDx    |
 xxxxxx      xxD    |
 xxxxxx         Dxx |
 xxxxxx         xDx |
 xxxxxx         xxD |
--------------------

D_rownnz              18 18 18 18 18 18 9 9 9 9 9 9 9 9 9 9 9 9

D_rowadr              0 18 36 54 72 90 108 117 126 135 144 153 162 171 180 189 198 207

D_colind              0 1 2 3 4 5 6 7 8 9 10 11 12 13 14 15 16 17 0 1 2 3 4 5 6 7 8 9 10 11 12 13 14 15 16 17 0 1 2 3 4 5 6 7 8 9 10 11 12 13 14 15 16 17 0 1 2 3 4 5 6 7 8 9 10 11 12 13 14 15 16 17 0 1 2 3 4 5 6 7 8 9 10 11 12 13 14 15 16 17 0 1 2 3 4 5 6 7 8 9 10 11 12 13 14 15 16 17 0 1 2 3 4 5 6 7 8 0 1 2 3 4 5 6 7 8 0 1 2 3 4 5 6 7 8 0 1 2 3 4 5 9 10 11 0 1 2 3 4 5 9 10 11 0 1 2 3 4 5 9 10 11 0 1 2 3 4 5 12 13 14 0 1 2 3 4 5 12 13 14 0 1 2 3 4 5 12 13 14 0 1 2 3 4 5 15 16 17 0 1 2 3 4 5 15 16 17 0 1 2 3 4 5 15 16 17

mapM2D                0 2 5 9 14 20 27 35 44 51 59 68 75 83 92 99 107 116 2 1 4 8 13 19 26 34 43 50 58 67 74 82 91 98 106 115 5 4 3 7 12 18 25 33 42 49 57 66 73 81 90 97 105 114 9 8 7 6 11 17 24 32 41 48 56 65 72 80 89 96 104 113 14 13 12 11 10 16 23 31 40 47 55 64 71 79 88 95 103 112 20 19 18 17 16 15 22 30 39 46 54 63 70 78 87 94 102 111 27 26 25 24 23 22 21 29 38 35 34 33 32 31 30 29 28 37 44 43 42 41 40 39 38 37 36 51 50 49 48 47 46 45 53 62 59 58 57 56 55 54 53 52 61 68 67 66 65 64 63 62 61 60 75 74 73 72 71 70 69 77 86 83 82 81 80 79 78 77 76 85 92 91 90 89 88 87 86 85 84 99 98 97 96 95 94 93 101 110 107 106 105 104 103 102 101 100 109 116 115 114 113 112 111 110 109 108

mapD2M                0 19 18 38 37 36 57 56 55 54 76 75 74 73 72 95 94 93 92 91 90 114 113 112 111 110 109 108 124 123 122 121 120 119 118 117 134 133 132 131 130 129 128 127 126 141 140 139 138 137 136 135 151 150 149 148 147 146 145 144 161 160 159 158 157 156 155 154 153 168 167 166 165 164 163 162 178 177 176 175 174 173 172 171 188 187 186 185 184 183 182 181 180 195 194 193 192 191 190 189 205 204 203 202 201 200 199 198 215 214 213 212 211 210 209 208 207

CONTACT
  0:
     dim           6
     geoms         floor : FL
     exclude       0
     efc_address   12
     solref         0.02      1       
     solimp         0.9       0.95      0.001     0.5       2       
     dist          -0.018   
     includemargin  0.001   
     pos            0.19      0.14     -0.0092  
     frame          0         0         1         0         1         0        -1         0         0       
     friction       0.4       0.4       0.02      0.01      0.01    
     mu             0.04    
     force          30       -2.5       9.1      -2.1e-06   0.19      0.0056  
  1:
     dim           6
     geoms         floor : FR
     exclude       0
     efc_address   18
     solref         0.02      1       
     solimp         0.9       0.95      0.001     0.5       2       
     dist          -0.018   
     includemargin  0.001   
     pos            0.19     -0.14     -0.0092  
     frame          0         0         1         0         1         0        -1         0         0       
     friction       0.4       0.4       0.02      0.01      0.01    
     mu             0.04    
     force          30        2.5       9.1      -2.1e-06   0.19     -0.0056  
  2:
     dim           6
     geoms         floor : RL
     exclude       0
     efc_address   24
     solref         0.02      1       
     solimp         0.9       0.95      0.001     0.5       2       
     dist          -0.018   
     includemargin  0.001   
     pos           -0.19      0.14     -0.0092  
     frame          0         0         1         0         1         0        -1         0         0       
     friction       0.4       0.4       0.02      0.01      0.01    
     mu             0.04    
     force          29       -1.4       8.9      -2.1e-06   0.18      0.0031  
  3:
     dim           6
     geoms         floor : RR
     exclude       0
     efc_address   30
     solref         0.02      1       
     solimp         0.9       0.95      0.001     0.5       2       
     dist          -0.018   
     includemargin  0.001   
     pos           -0.19     -0.14     -0.0092  
     frame          0         0         1         0         1         0        -1         0         0       
     friction       0.4       0.4       0.02      0.01      0.01    
     mu             0.04    
     force          29        1.4       8.9      -2.1e-06   0.18     -0.0031  

EFC_TYPE
  1
  1
  1
  1
  1
  1
  1
  1
  1
  1
  1
  1
  7
  7
  7
  7
  7
  7
  7
  7
  7
  7
  7
  7
  7
  7
  7
  7
  7
  7
  7
  7
  7
  7
  7
  7

EFC_ID
  6
  7
  8
  9
  10
  11
  12
  13
  14
  15
  16
  17
  0
  0
  0
  0
  0
  0
  1
  1
  1
  1
  1
  1
  2
  2
  2
  2
  2
  2
  3
  3
  3
  3
  3
  3

EFC_J
   0         0         0         0         0         0         1         0         0         0         0         0         0         0         0         0         0         0       
   0         0         0         0         0         0         0         1         0         0         0         0         0         0         0         0         0         0       
   0         0         0         0         0         0         0         0         1         0         0         0         0         0         0         0         0         0       
   0         0         0         0         0         0         0         0         0         1         0         0         0         0         0         0         0         0       
   0         0         0         0         0         0         0         0         0         0         1         0         0         0         0         0         0         0       
   0         0         0         0         0         0         0         0         0         0         0         1         0         0         0         0         0         0       
   0         0         0         0         0         0         0         0         0         0         0         0         1         0         0         0         0         0       
   0         0         0         0         0         0         0         0         0         0         0         0         0         1         0         0         0         0       
   0         0         0         0         0         0         0         0         0         0         0         0         0         0         1         0         0         0       
   0         0         0         0         0         0         0         0         0         0         0         0         0         0         0         1         0         0       
   0         0         0         0         0         0         0         0         0         0         0         0         0         0         0         0         1         0       
   0         0         0         0         0         0         0         0         0         0         0         0         0         0         0         0         0         1       
   0         0         1         0.14     -0.19      0         0.096     0.0012   -0.17      0         0         0         0         0         0         0         0         0       
   0         1         0         0.28      0         0.19      0.28      0         0         0         0         0         0         0         0         0         0         0       
  -1         0         0         0         0.28      0.14      0         0.28      0.15      0         0         0         0         0         0         0         0         0       
   0         0         0         0         0         1         0         0         0         0         0         0         0         0         0         0         0         0       
   0         0         0         0         1         0         0         1         1         0         0         0         0         0         0         0         0         0       
   0         0         0        -1         0         0        -1         0         0         0         0         0         0         0         0         0         0         0       
   0         0         1        -0.14     -0.19      0         0         0         0        -0.096     0.0012   -0.17      0         0         0         0         0         0       
   0         1         0         0.28      0         0.19      0         0         0         0.28      0         0         0         0         0         0         0         0       
  -1         0         0         0         0.28     -0.14      0         0         0         0         0.28      0.15      0         0         0         0         0         0       
   0         0         0         0         0         1         0         0         0         0         0         0         0         0         0         0         0         0       
   0         0         0         0         1         0         0         0         0         0         1         1         0         0         0         0         0         0       
   0         0         0        -1         0         0         0         0         0        -1         0         0         0         0         0         0         0         0       
   0         0         1         0.14      0.19      0         0         0         0         0         0         0         0.096     0.0012   -0.17      0         0         0       
   0         1         0         0.28      0        -0.19      0         0         0         0         0         0         0.28      0         0         0         0         0       
  -1         0         0         0         0.28      0.14      0         0         0         0         0         0         0         0.28      0.15      0         0         0       
   0         0         0         0         0         1         0         0         0         0         0         0         0         0         0         0         0         0       
   0         0         0         0         1         0         0         0         0         0         0         0         0         1         1         0         0         0       
   0         0         0        -1         0         0         0         0         0         0         0         0        -1         0         0         0         0         0       
   0         0         1        -0.14      0.19      0         0         0         0         0         0         0         0         0         0        -0.096     0.0012   -0.17    
   0         1         0         0.28      0        -0.19      0         0         0         0         0         0         0         0         0         0.28      0         0       
  -1         0         0         0         0.28     -0.14      0         0         0         0         0         0         0         0         0         0         0.28      0.15    
   0         0         0         0         0         1         0         0         0         0         0         0         0         0         0         0         0         0       
   0         0         0         0         1         0         0         0         0         0         0         0         0         0         0         0         1         1       
   0         0         0        -1         0         0         0         0         0         0         0         0         0         0         0        -1         0         0       

EFC_POS
   0       
   0       
   0       
   0       
   0       
   0       
   0       
   0       
   0       
   0       
   0       
   0       
  -0.018   
   0       
   0       
   0       
   0       
   0       
  -0.018   
   0       
   0       
   0       
   0       
   0       
  -0.018   
   0       
   0       
   0       
   0       
   0       
  -0.018   
   0       
   0       
   0       
   0       
   0       

EFC_MARGIN
   0       
   0       
   0       
   0       
   0       
   0       
   0       
   0       
   0       
   0       
   0       
   0       
   0.001   
   0       
   0       
   0       
   0       
   0       
   0.001   
   0       
   0       
   0       
   0       
   0       
   0.001   
   0       
   0       
   0       
   0       
   0       
   0.001   
   0       
   0       
   0       
   0       
   0       

EFC_FRICTIONLOSS
   0.2     
   0.2     
   0.2     
   0.2     
   0.2     
   0.2     
   0.2     
   0.2     
   0.2     
   0.2     
   0.2     
   0.2     
   0       
   0       
   0       
   0       
   0       
   0       
   0       
   0       
   0       
   0       
   0       
   0       
   0       
   0       
   0       
   0       
   0       
   0       
   0       
   0       
   0       
   0       
   0       
   0       

EFC_DIAGAPPROX
   29      
   29      
   80      
   29      
   29      
   80      
   29      
   29      
   80      
   29      
   29      
   80      
   1.8     
   0.018   
   0.018   
   7.1     
   28      
   28      
   1.8     
   0.018   
   0.018   
   7.1     
   28      
   28      
   1.8     
   0.018   
   0.018   
   7.1     
   28      
   28      
   1.8     
   0.018   
   0.018   
   7.1     
   28      
   28      

EFC_KBIP
   0         1.1e+02   0.9       0       
   0         1.1e+02   0.9       0       
   0         1.1e+02   0.9       0       
   0         1.1e+02   0.9       0       
   0         1.1e+02   0.9       0       
   0         1.1e+02   0.9       0       
   0         1.1e+02   0.9       0       
   0         1.1e+02   0.9       0       
   0         1.1e+02   0.9       0       
   0         1.1e+02   0.9       0       
   0         1.1e+02   0.9       0       
   0         1.1e+02   0.9       0       
   2.8e+03   1.1e+02   0.95      0       
   0         1.1e+02   0.95      0       
   0         1.1e+02   0.95      0       
   0         1.1e+02   0.95      0       
   0         1.1e+02   0.95      0       
   0         1.1e+02   0.95      0       
   2.8e+03   1.1e+02   0.95      0       
   0         1.1e+02   0.95      0       
   0         1.1e+02   0.95      0       
   0         1.1e+02   0.95      0       
   0         1.1e+02   0.95      0       
   0         1.1e+02   0.95      0       
   2.8e+03   1.1e+02   0.95      0       
   0         1.1e+02   0.95      0       
   0         1.1e+02   0.95      0       
   0         1.1e+02   0.95      0       
   0         1.1e+02   0.95      0       
   0         1.1e+02   0.95      0       
   2.8e+03   1.1e+02   0.95      0       
   0         1.1e+02   0.95      0       
   0         1.1e+02   0.95      0       
   0         1.1e+02   0.95      0       
   0         1.1e+02   0.95      0       
   0         1.1e+02   0.95      0       

EFC_D
   0.31    
   0.32    
   0.11    
   0.31    
   0.32    
   0.11    
   0.31    
   0.31    
   0.11    
   0.31    
   0.31    
   0.11    
   11      
   1.1e+03 
   1.1e+03 
   2.7     
   0.67    
   0.67    
   11      
   1.1e+03 
   1.1e+03 
   2.7     
   0.67    
   0.67    
   11      
   1.1e+03 
   1.1e+03 
   2.7     
   0.67    
   0.67    
   11      
   1.1e+03 
   1.1e+03 
   2.7     
   0.67    
   0.67    

EFC_R
   3.2     
   3.2     
   8.9     
   3.2     
   3.2     
   8.9     
   3.2     
   3.2     
   8.9     
   3.2     
   3.2     
   8.9     
   0.093   
   0.00093 
   0.00093 
   0.37    
   1.5     
   1.5     
   0.093   
   0.00093 
   0.00093 
   0.37    
   1.5     
   1.5     
   0.093   
   0.00093 
   0.00093 
   0.37    
   1.5     
   1.5     
   0.093   
   0.00093 
   0.00093 
   0.37    
   1.5     
   1.5     

ACTUATOR_VELOCITY
   0       
   0       
   0       
   0       
   0       
   0       
   0       
   0       
   0       
   0       
   0       
   0       

CVEL
   0         0         0         0         0         0       
   0         0         0         0         0         0       
   0         0         0         0         0         0       
   0         0         0         0         0         0       
   0         0         0         0         0         0       
   0         0         0         0         0         0       
   0         0         0         0         0         0       
   0         0         0         0         0         0       
   0         0         0         0         0         0       
   0         0         0         0         0         0       
   0         0         0         0         0         0       
   0         0         0         0         0         0       
   0         0         0         0         0         0       
   0         0         0         0         0         0       
   0         0         0         0         0         0       
   0         0         0         0         0         0       
   0         0         0         0         0         0       
   0         0         0         0         0         0       

CDOF_DOT
   0         0         0         0         0         0       
   0         0         0         0         0         0       
   0         0         0         0         0         0       
   0         0         0         0         0         0       
   0         0         0         0         0         0       
   0         0         0         0         0         0       
   0         0         0         0         0         0       
   0         0         0         0         0         0       
   0         0         0         0         0         0       
   0         0         0         0         0         0       
   0         0         0         0         0         0       
   0         0         0         0         0         0       
   0         0         0         0         0         0       
   0         0         0         0         0         0       
   0         0         0         0         0         0       
   0         0         0         0         0         0       
   0         0         0         0         0         0       
   0         0         0         0         0         0       

QFRC_BIAS
   0       
   0       
   1.5e+02 
   0       
   0.32    
   0       
   1.1     
   0.44    
  -0.27    
  -1.1     
   0.44    
  -0.27    
   1.1     
   0.44    
  -0.27    
  -1.1     
   0.44    
  -0.27    

QFRC_SPRING
   0       
   0       
   0       
   0       
   0       
   0       
   0       
   0       
   0       
   0       
   0       
   0       
   0       
   0       
   0       
   0       
   0       
   0       

QFRC_DAMPER
   0       
   0       
   0       
   0       
   0       
   0       
  -0       
  -0       
  -0       
  -0       
  -0       
  -0       
  -0       
  -0       
  -0       
  -0       
  -0       
  -0       

QFRC_GRAVCOMP
   0       
   0       
   0       
   0       
   0       
   0       
   0       
   0       
   0       
   0       
   0       
   0       
   0       
   0       
   0       
   0       
   0       
   0       

QFRC_FLUID
   0       
   0       
   0       
   0       
   0       
   0       
   0       
   0       
   0       
   0       
   0       
   0       
   0       
   0       
   0       
   0       
   0       
   0       

QFRC_PASSIVE
   0       
   0       
   0       
   0       
   0       
   0       
   0       
   0       
   0       
   0       
   0       
   0       
   0       
   0       
   0       
   0       
   0       
   0       

EFC_VEL
   0       
   0       
   0       
   0       
   0       
   0       
   0       
   0       
   0       
   0       
   0       
   0       
   0       
   0       
   0       
   0       
   0       
   0       
   0       
   0       
   0       
   0       
   0       
   0       
   0       
   0       
   0       
   0       
   0       
   0       
   0       
   0       
   0       
   0       
   0       
   0       

EFC_AREF
  -0       
  -0       
  -0       
  -0       
  -0       
  -0       
  -0       
  -0       
  -0       
  -0       
  -0       
  -0       
   51      
  -0       
  -0       
  -0       
  -0       
  -0       
   51      
  -0       
  -0       
  -0       
  -0       
  -0       
   51      
  -0       
  -0       
  -0       
  -0       
  -0       
   51      
  -0       
  -0       
  -0       
  -0       
  -0       

SUBTREE_LINVEL
   0         0         0       
   0         0         0       
   0         0         0       
   0         0         0       
   0         0         0       
   0         0         0       
   0         0         0       
   0         0         0       
   0         0         0       
   0         0         0       
   0         0         0       
   0         0         0       
   0         0         0       
   0         0         0       
   0         0         0       
   0         0         0       
   0         0         0       
   0         0         0       

SUBTREE_ANGMOM
   0         0         0       
   0         0         0       
   0         0         0       
   0         0         0       
   0         0         0       
   0         0         0       
   0         0         0       
   0         0         0       
   0         0         0       
   0         0         0       
   0         0         0       
   0         0         0       
   0         0         0       
   0         0         0       
   0         0         0       
   0         0         0       
   0         0         0       
   0         0         0       

ACTUATOR_FORCE
   0       
   0.9     
  -1.8     
   0       
   0.9     
  -1.8     
   0       
   0.9     
  -1.8     
   0       
   0.9     
  -1.8     

QFRC_ACTUATOR
   0       
   0       
   0       
   0       
   0       
   0       
   0       
   0.9     
  -1.8     
   0       
   0.9     
  -1.8     
   0       
   0.9     
  -1.8     
   0       
   0.9     
  -1.8     

QFRC_SMOOTH
   0       
   0       
  -1.5e+02 
   0       
  -0.32    
   0       
  -1.1     
   0.46    
  -1.5     
   1.1     
   0.46    
  -1.5     
  -1.1     
   0.46    
  -1.5     
   1.1     
   0.46    
  -1.5     

QACC_SMOOTH
   0.28    
  -4.2e-05 
  -11      
   0.0071  
  -4.5     
  -0.00022 
  -15      
   54      
  -1.3e+02 
   15      
   54      
  -1.3e+02 
  -9.9     
   56      
  -1.3e+02 
   9.9     
   56      
  -1.3e+02 

EFC_B
  -15      
   54      
  -1.3e+02 
   15      
   54      
  -1.3e+02 
  -9.9     
   56      
  -1.3e+02 
   9.9     
   56      
  -1.3e+02 
  -42      
  -4.2     
  -5       
  -0.00022 
  -77      
   15      
  -42      
   4.2     
  -5       
  -0.00022 
  -77      
  -15      
  -42      
  -2.8     
  -4.8     
  -0.00022 
  -77      
   9.9     
  -42      
   2.8     
  -4.8     
  -0.00022 
  -77      
  -9.9     

EFC_FORCE
  -0.2     
  -0.2     
   0.2     
   0.2     
  -0.2     
   0.2     
  -0.2     
  -0.2     
   0.2     
   0.2     
  -0.2     
   0.2     
   30      
  -2.5     
   9.1     
  -2.1e-06 
   0.19    
   0.0056  
   30      
   2.5     
   9.1     
  -2.1e-06 
   0.19    
  -0.0056  
   29      
  -1.4     
   8.9     
  -2.1e-06 
   0.18    
   0.0031  
   29      
   1.4     
   8.9     
  -2.1e-06 
   0.18    
  -0.0031  

EFC_STATE
  3
  3
  2
  2
  3
  2
  3
  3
  2
  2
  3
  2
  4
  4
  4
  4
  4
  4
  4
  4
  4
  4
  4
  4
  4
  4
  4
  4
  4
  4
  4
  4
  4
  4
  4
  4

QFRC_CONSTRAINT
  -36      
   0.00054 
   1.2e+02 
   0.0003  
   10      
   1.6e-06 
   2       
   2.6     
  -3.3     
  -2       
   2.6     
  -3.3     
   2.2     
   2.5     
  -3.1     
  -2.2     
   2.5     
  -3.1     

QFRC_INVERSE
   0       
   0       
   0       
   0       
   0       
   0       
   0       
   0       
   0       
   0       
   0       
   0       
   0       
   0       
   0       
   0       
   0       
   0       

CACC
   0         0         0        -0        -0         9.8     
  -0.013     8.6       0.00052  -1.4      -0.00019   3.4     
   5.6       8.6       0.00052  -1.4       0.12      3.2     
   5.6       1.6e+02   0.00052  -4.6       0.12      33      
   5.6      -1.9e+02   0.00052  -44        0.12      23      
   5.6      -1.9e+02   0.00052  -44        0.12      23      
  -5.6       8.6       0.00052  -1.4      -0.12      3.2     
  -5.6       1.6e+02   0.00052  -4.6      -0.12      33      
  -5.6      -1.9e+02   0.00052  -44       -0.12      23      
  -5.6      -1.9e+02   0.00052  -44       -0.12      23      
   3.1       8.6       0.00052  -1.4       0.066     3.3     
   3.1       1.5e+02   0.00052  -4.4       0.066    -24      
   3.1      -1.8e+02   0.00052  -42        0.066     96      
   3.1      -1.8e+02   0.00052  -42        0.066     96      
  -3.1       8.6       0.00052  -1.4      -0.066     3.3     
  -3.1       1.5e+02   0.00052  -4.4      -0.066    -24      
  -3.1      -1.8e+02   0.00052  -42       -0.066     96      
  -3.1      -1.8e+02   0.00052  -42       -0.066     96      

CFRC_INT
  -3.5e-13  -3.7e-11   7.1e-14  -1.5e-11   5.8e-13  -2.2e-10 
  -3.5e-13  -3.7e-11   7.1e-14  -1.5e-11   5.8e-13  -2.2e-10 
  -0.74      1         0.14      2.1       2.9      -9.1     
  -0.8       1.3       0.096     2.9       2.9      -10      
  -1.8       1.6      -0.53      7.5       2.8      -18      
   0         0         0         0         0         0       
   0.74      1        -0.14      2.1      -2.9      -9.1     
   0.8       1.3      -0.096     2.9      -2.9      -10      
   1.8       1.6       0.53      7.5      -2.8      -18      
   0         0         0         0         0         0       
  -0.36     -1.1      -0.75      2.2       1.6      -2.1     
  -0.53     -1.7      -0.78      3         1.6      -5.6     
  -2        -5        -1.4       7.4       1.6      -17      
   0         0         0         0         0         0       
   0.36     -1.1       0.75      2.2      -1.6      -2.1     
   0.53     -1.7       0.79      3        -1.6      -5.6     
   2        -5         1.4       7.4      -1.6      -17      
   0         0         0         0         0         0       

CFRC_EXT
   0         0         0         0         0         0       
   0         0         0         0         0         0       
   0         0         0         0         0         0       
   0         0         0         0         0         0       
   3.7      -3.4       0.8      -9.1      -2.5       30      
   0         0         0         0         0         0       
   0         0         0         0         0         0       
   0         0         0         0         0         0       
  -3.7      -3.4      -0.8      -9.1       2.5       30      
   0         0         0         0         0         0       
   0         0         0         0         0         0       
   0         0         0         0         0         0       
   3.8       8.1       1.5      -8.9      -1.4       29      
   0         0         0         0         0         0       
   0         0         0         0         0         0       
   0         0         0         0         0         0       
  -3.8       8.1      -1.5      -8.9       1.4       29      
   0         0         0         0         0         0       

